player: -0.7550001
tnk: -2.095091
YDistance : 1.3400909